# Created by Octave 3.8.0, Mon Aug 03 02:28:31 2015 CEST <simurgh@simurgh.local>
# name: antenna_long
# type: matrix
# rows: 1
# columns: 18
 2255.18268336 1625.32530197 1808.04218495 1564.83004429 1747.26724895 833.106714908 0 1198.82520258 406.708262066 2275.33645711 1951.35912081 1340.51602392 629.868548742 1138.23587792 812.567921519 467.38822724 1645.88856966 1909.7819426


# name: antenna_lat
# type: matrix
# rows: 1
# columns: 18
 1358.9976 1512.3432 1975.7136 741.1704 2192.3976 1760.1408 956.7432 1760.1408 1358.9976 2161.284 0 2623.5432 864.5136 1173.4272 2161.284 1760.1408 1234.5432 1760.1408


